[Motor]
Name=铝壳上料堆栈1Z轴(M8)
ForwardName=ForWard
BackwardName=BackWard
UseDllName=CustomerZMotionEcat
AxisNo=8
MotorType=2
MoveType=0
HomeMode=0
PulsePerUnit=314572.812500
EncoderPulsePerUnit=314572.812500
DrivingMode=0
HomeDir=0
Encoder=2
MinStep=0.000000
Tolerance=0.000000
[SensorLogic]
ALM=1
INP=0
EL=1
ORG=0
RDY=0
SON=1
[TimeOut]
Home=500000
Move=500000
[Position]
ShortCutHome=NO
VirtualHome=1.000000
HomeGoBackDist=3.000000
PosSoftLimit=10000.000000
NegSoftLimit=0.000000
MinStep=0.001000
Tolerance=0.200000
Location0Name=等待位
LocationCount=3
Location1Name=小车分离位
Location2Name=上料盘位
[Speed]
Speed0Start=31457281.250000
Speed0Max=62914562.500000
Speed0Acc=0.300000
Speed0Dec=0.300000
Speed1Start=6291456.250000
Speed1Max=9437184.375000
Speed1Acc=0.300000
Speed1Dec=0.300000
Speed2Start=12582912.500000
Speed2Max=22020096.875000
Speed2Acc=0.100000
Speed2Dec=0.100000
SpeedMode=0
