[Motor]
Name=电芯入壳2抓取Y轴(M2)
ForwardName=ForWard
BackwardName=BackWard
UseDllName=CustomerZMotionEcat
AxisNo=2
MotorType=2
MoveType=0
HomeMode=0
PulsePerUnit=52428.80000
EncoderPulsePerUnit=52428.80000
DrivingMode=0
HomeDir=0
Encoder=2
MinStep=0.000000
Tolerance=0.000000
[SensorLogic]
ALM=1
INP=0
EL=1
ORG=0
RDY=0
SON=1
[TimeOut]
Home=500000
Move=500000
[Position]
ShortCutHome=NO
VirtualHome=1.000000
HomeGoBackDist=3.000000
PosSoftLimit=10000.000000
NegSoftLimit=0.000000
MinStep=0.001000
Tolerance=0.200000
Location0Name=取料位
LocationCount=3
Location1Name=下料位
Location2Name=偏移位
[Speed]
Speed0Start=20971520.000000
Speed0Max=26214400.000000
Speed0Acc=0.100000
Speed0Dec=0.100000
Speed1Start=1572864.000000
Speed1Max=2097152.000000
Speed1Acc=0.300000
Speed1Dec=0.300000
Speed2Start=1048576.000000
Speed2Max=2097152.000000
Speed2Acc=0.300000
Speed2Dec=0.300000
SpeedMode=0
