[Motor]
Name=电芯入壳2推电芯Y轴(M3)
ForwardName=ForWard
BackwardName=BackWard
UseDllName=CustomerZMotionEcat
AxisNo=3
MotorType=2
MoveType=0
HomeMode=0
PulsePerUnit=52428.800781
EncoderPulsePerUnit=52428.800781
DrivingMode=0
HomeDir=0
Encoder=2
MinStep=0.000000
Tolerance=0.000000
[SensorLogic]
ALM=1
INP=0
EL=1
ORG=0
RDY=0
SON=1
[TimeOut]
Home=500000
Move=500000
[Position]
ShortCutHome=NO
VirtualHome=1.000000
HomeGoBackDist=3.000000
PosSoftLimit=10000.000000
NegSoftLimit=0.000000
MinStep=0.001000
Tolerance=0.200000
Location0Name=开始位
LocationCount=5
Location1Name=接电芯位
Location2Name=入壳等待位
Location3Name=开合气缸张开位
Location4Name=入壳位
[Speed]
Speed0Start=5242880.078100
Speed0Max=10485760.156200
Speed0Acc=0.100000
Speed0Dec=0.100000
Speed1Start=1572864.023430
Speed1Max=2097152.031240
Speed1Acc=0.300000
Speed1Dec=0.300000
Speed2Start=524288.007810
Speed2Max=1048576.015620
Speed2Acc=0.300000
Speed2Dec=0.300000
SpeedMode=0
