[Motor]
Name=外壳上料X轴(M12)
ForwardName=ForWard
BackwardName=BackWard
UseDllName=CustomerZMotionEcat
AxisNo=12
MotorType=2
MoveType=0
HomeMode=0
PulsePerUnit=52428.8000
EncoderPulsePerUnit=52428.8000
DrivingMode=0
HomeDir=0
Encoder=2
MinStep=0.000000
Tolerance=0.000000
[SensorLogic]
ALM=1
INP=0
EL=1
ORG=0
RDY=0
SON=1
[TimeOut]
Home=500000
Move=500000
[Position]
ShortCutHome=NO
VirtualHome=1.000000
HomeGoBackDist=3.000000
PosSoftLimit=10000.000000
NegSoftLimit=0.000000
MinStep=0.001000
Tolerance=0.300000
LocationCount=7
Location0Name =	放料位
Location1Name =	取料位1
Location2Name =	取料位2
Location3Name =	取料位3
Location4Name =	取料位4
Location5Name =	取料位5
Location6Name =	取料位6

[Speed]
Speed0Start=31457280.000000
Speed0Max=41943040.000000
Speed0Acc=0.100000
Speed0Dec=0.100000
Speed1Start=1048576.000000
Speed1Max=2097152.000000
Speed1Acc=0.100000
Speed1Dec=0.100000
Speed2Start=1048576.000000
Speed2Max=2097152.000000
Speed2Acc=0.100000
Speed2Dec=0.100000
SpeedMode=0
