[Motor]
Name=电芯来料抓手Y轴(M6)
ForwardName=ForWard
BackwardName=BackWard
UseDllName=CustomerZMotionEcat
AxisNo=6
MotorType=2
MoveType=0
HomeMode=0
PulsePerUnit=72817.781250
EncoderPulsePerUnit=72817.781250
DrivingMode=0
HomeDir=0
Encoder=2
MinStep=0.000000
Tolerance=0.000000
[SensorLogic]
ALM=1
INP=0
EL=1
ORG=0
RDY=0
SON=1
[TimeOut]
Home=500000
Move=500000
[Position]
ShortCutHome=NO
VirtualHome=1.000000
HomeGoBackDist=3.000000
PosSoftLimit=10000.000000
NegSoftLimit=0.000000
MinStep=0.001000
Tolerance=0.200000
Location0Name=取料位
LocationCount=4
Location1Name=良品位
Location2Name=不良位
Location3Name=缓存位
[Speed]
Speed0Start=43690668.750000
Speed0Max=50972446.875000
Speed0Acc=0.200000
Speed0Dec=0.200000
Speed1Start=1456355.625000
Speed1Max=2912711.250000
Speed1Acc=0.300000
Speed1Dec=0.300000
Speed2Start=1456355.625000
Speed2Max=2184533.437500
Speed2Acc=0.300000
Speed2Dec=0.300000
SpeedMode=0
