[Motor]
Name=铝壳下料堆栈Z轴(M10)
ForwardName=ForWard
BackwardName=BackWard
UseDllName=CustomerZMotionEcat
AxisNo=10
MotorType=2
MoveType=0
HomeMode=0
PulsePerUnit=314572.812500
EncoderPulsePerUnit=314572.812500
DrivingMode=0
HomeDir=0
Encoder=2
MinStep=0.000000
Tolerance=0.000000
[SensorLogic]
ALM=1
INP=0
EL=1
ORG=0
RDY=0
SON=1
[TimeOut]
Home=500000
Move=500000
[Position]
ShortCutHome=NO
VirtualHome=1.000000
HomeGoBackDist=3.000000
PosSoftLimit=10000.000000
NegSoftLimit=0.000000
MinStep=0.001000
Tolerance=0.200000
Location0Name=安全位
LocationCount=3
Location1Name=分离位
Location2Name=接盘位
[Speed]
Speed0Start=62914562.500000
Speed0Max=94371843.750000
Speed0Acc=0.300000
Speed0Dec=0.300000
Speed1Start=20132.660000
Speed1Max=39950.747187
Speed1Acc=0.300000
Speed1Dec=0.300000
Speed2Start=3145728.125000
Speed2Max=9437184.375000
Speed2Acc=0.300000
Speed2Dec=0.300000
SpeedMode=0
