[Motor]
Name=电芯来料抓手Z轴(M7)
ForwardName=ForWard
BackwardName=BackWard
UseDllName=CustomerZMotionEcat
AxisNo=7
MotorType=2
MoveType=0
HomeMode=0
PulsePerUnit=104857.601563
EncoderPulsePerUnit=104857.601563
DrivingMode=0
HomeDir=0
Encoder=2
MinStep=0.000000
Tolerance=0.000000
[SensorLogic]
ALM=1
INP=0
EL=1
ORG=0
RDY=0
SON=1
[TimeOut]
Home=500000
Move=500000
[Position]
ShortCutHome=NO
VirtualHome=1.000000
HomeGoBackDist=3.000000
PosSoftLimit=10000.000000
NegSoftLimit=0.000000
MinStep=0.001000
Tolerance=0.200000
Location0Name=安全位
LocationCount=6
Location1Name=取料位
Location2Name=放良品位1
Location3Name=排不良位
Location4Name=缓存位
Location5Name=放良品位2
[Speed]
Speed0Start=20971520.312600
Speed0Max=41943040.625200
Speed0Acc=0.100000
Speed0Dec=0.100000
Speed1Start=1048576.015630
Speed1Max=2097152.031260
Speed1Acc=0.300000
Speed1Dec=0.300000
Speed2Start=2097152.031260
Speed2Max=3145728.046890
Speed2Acc=0.100000
Speed2Dec=0.100000
SpeedMode=0
