[Motor]
Name=外壳料盘Y轴(M11)
ForwardName=向前
BackwardName=向后
UseDllName=CustomerZMotionEcat
AxisNo=11
MotorType=2
MoveType=0
HomeMode=0
PulsePerUnit=47185.921875
EncoderPulsePerUnit=47185.921875
DrivingMode=0
HomeDir=0
Encoder=2
MinStep=0.000000
Tolerance=0.000000
[SensorLogic]
ALM=1
INP=0
EL=1
ORG=0
RDY=0
SON=1
[TimeOut]
Home=500000
Move=500000
[Position]
ShortCutHome=NO
VirtualHome=1.000000
HomeGoBackDist=3.000000
PosSoftLimit=10000.000000
NegSoftLimit=0.000000
MinStep=0.001000
Tolerance=0.200000
Location0Name=取料位1
LocationCount=9
Location1Name=取料位2
Location2Name=下空盘位
Location3Name=取铝壳位1
Location4Name=取铝壳位2
Location5Name=取铝壳位3
Location6Name=取铝壳位4
Location7Name=取铝壳位5
Location8Name=取铝壳位6
[Speed]
Speed0Start=28311553.125000
Speed0Max=33030145.312500
Speed0Acc=0.300000
Speed0Dec=0.300000
Speed1Start=471859.218750
Speed1Max=943718.437500
Speed1Acc=0.300000
Speed1Dec=0.300000
Speed2Start=2359296.093750
Speed2Max=2831155.312500
Speed2Acc=0.300000
Speed2Dec=0.300000
SpeedMode=0
