[Motor]
Name=工位1顶盖清洗X轴（400W）M20
ForwardName=ForWard
BackwardName=BackWard
UseDllName=CustomerZMotionEcat
AxisNo=20
MotorType=2
MoveType=0
HomeMode=0
PulsePerUnit=45635.554688
EncoderPulsePerUnit=45635.554688
DrivingMode=0
HomeDir=0
Encoder=2
MinStep=0.000000
Tolerance=0.000000
[SensorLogic]
ALM=1
INP=0
EL=1
ORG=0
RDY=0
SON=1
[TimeOut]
Home=500000
Move=500000
[Position]
ShortCutHome=NO
VirtualHome=1.000000
HomeGoBackDist=3.000000
PosSoftLimit=10000.000000
NegSoftLimit=0.000000
MinStep=0.001000
Tolerance=0.100000
Location0Name=工作位
LocationCount=1
[Speed]
Speed0Start=15728640.234300
Speed0Max=26214400.390500
Speed0Acc=0.100000
Speed0Dec=0.100000
Speed1Start=7864320.117150
Speed1Max=5242880.078100
Speed1Acc=0.100000
Speed1Dec=0.100000
Speed2Start=524288.007810
Speed2Max=1048576.015620
Speed2Acc=0.300000
Speed2Dec=0.300000
SpeedMode=0
