[Motor]
Name=外壳旋转R2轴伺服电机(M15)
ForwardName=ForWard
BackwardName=BackWard
UseDllName=CustomerZMotionEcat
AxisNo=15
MotorType=2
MoveType=0
HomeMode=0
PulsePerUnit=52428.800781
EncoderPulsePerUnit=52428.800781
DrivingMode=0
HomeDir=0
Encoder=2
MinStep=0.000000
Tolerance=0.000000
[SensorLogic]
ALM=1
INP=0
EL=1
ORG=0
RDY=0
SON=1
[TimeOut]
Home=500000
Move=500000
[Position]
ShortCutHome=NO
VirtualHome=1.000000
HomeGoBackDist=3.000000
PosSoftLimit=10000.000000
NegSoftLimit=0.000000
MinStep=0.001000
Tolerance=0.200000
Location0Name=安全位
LocationCount=5
Location1Name=取料等待位
Location2Name=取料位
Location3Name=放料等待位
Location4Name=放料位
[Speed]
Speed0Start=2621440.039050
Speed0Max=4194304.062480
Speed0Acc=0.100000
Speed0Dec=0.100000
Speed1Start=262144.003905
Speed1Max=524288.007810
Speed1Acc=0.100000
Speed1Dec=0.100000
Speed2Start=209715.203124
Speed2Max=262144.003905
Speed2Acc=0.300000
Speed2Dec=0.300000
SpeedMode=0
