[Motor]
Name=外壳移载X轴(M4)
ForwardName=ForWard
BackwardName=BackWard
UseDllName=CustomerZMotionEcat
AxisNo=4
MotorType=2
MoveType=0
HomeMode=0
PulsePerUnit=52428.800781
EncoderPulsePerUnit=52428.800781
DrivingMode=0
HomeDir=0
Encoder=1
MinStep=0.000000
Tolerance=0.000000
[SensorLogic]
ALM=0
INP=0
EL=1
ORG=0
RDY=1
SON=1
[TimeOut]
Home=500000
Move=500000
[Position]
ShortCutHome=NO
VirtualHome=1.000000
HomeGoBackDist=2.000000
PosSoftLimit=10000.000000
NegSoftLimit=0.000000
MinStep=0.001000
Tolerance=0.200000
Location0Name=取料位
LocationCount=2
Location1Name=放料位
[Speed]
Speed0Start=31457280.468600
Speed0Max=36700160.546700
Speed0Acc=0.100000
Speed0Dec=0.100000
Speed1Start=1048576.015620
Speed1Max=1572864.023430
Speed1Acc=0.300000
Speed1Dec=0.300000
Speed2Start=1572864.023430
Speed2Max=2621440.039050
Speed2Acc=0.300000
Speed2Dec=0.300000
SpeedMode=0
